0 0 3 9 19 33 37 57 58 67 62 62 48 20 35
0 0 6 8 23 42 72 93 117 128 116 113 88 75 35
3 9 24 52 87 122 158 225 245 244 237 207 134 111 62
0 8 22 46 94 161 230 307 349 344 330 289 232 158 76
5 15 46 80 148 186 278 359 407 418 363 328 227 149 65
6 22 37 95 167 258 354 486 533 529 501 423 302 215 101
23 45 107 161 280 360 461 612 669 633 554 500 338 234 106
10 37 95 189 316 481 621 756 858 840 751 634 501 319 116
41 79 146 227 351 436 585 729 808 764 672 570 394 272 74
4 48 105 208 339 503 587 730 796 727 646 523 432 253 96
14 44 103 132 259 354 434 523 596 579 478 418 294 196 41
12 46 87 174 256 345 413 497 511 471 425 301 243 159 61
42 76 109 165 261 325 396 477 488 435 362 267 197 144 35
0 35 84 155 227 316 364 370 377 352 298 214 174 94 21
0 0 0 30 54 95 141 180 224 195 165 116 60 27 0